                                                200| 20|300  
                                                110|120|130 

                    400|10 |500                                                600|30 |700
                    210|220|230                                                310|320|330

       800| 5 |900              1000|15 |1100                   120| 25|1300                   1400| 35|1500
       410|420|430               510|520|530                     610|620|630                     710|720|730 

 N | 2 | N    N | 8 | N     N | 12 | N      N | 17 | N      N | 22 | N      N | 27 | N     N | 32 | N       N | 37 | N 
810|820|830  910|920|930  1010|1020|1030  1110|1130|1130  1210|1220|1230  1310|1320|1330  1410|1420|1430  1510|1520|1530







    N  | 15|300  
    110|120|130 

                  N  |20 |700
                  310|320|330

                                N | 25 |N
                                710|720|730 








                                                200| 20|300  
                                                110|120|130 

                    400|10 |500                                                600|30 |700
                    210|220|230                                                310|320|330

       800| 5 |900              1000|15 |1100                    400| 25|300                   1400| 35|1500
       410|420|430               510|520|530                     610|620|630                     710|720|730 

 N | 2 | N    N | 8 | N     N | 12 | N      N | 17 | N                  N | 27 | N     N | 32 | N       N | 37 | N 
810|820|830  910|920|930  1010|1020|1030  1110|1130|1130              1310|1320|1330  1410|1420|1430  1510|1520|1530



15
    20
         25



15 
         20
    17
         18




                               7
                          4       10
                        1     8       12
                          2    6
                             



                                10
                        5                 15
                    2       8        12        18
                 1    3   6     9   11   13  16     20
                             8.5
                           8.2  8.8


                               20
                          10           25
                                               29
                                          26          30                               
                                             27
                                                28